0 -0.00016977
0.001 -0.00016977
0.002 -0.00016977
0.003 -0.00016977
0.004 -0.00016977
0.005 -0.00016977
0.006 -0.00016977
0.007 -0.00016977
0.008 -0.00016977
0.009 -0.00016977
0.01 -0.00016977
0.011 -0.00039751
0.012 -0.00074287
0.013 -0.000831
0.014 -0.0008167
0.015 -0.00070144
0.016 -0.00051571
0.017 -0.00029906
0.018 -9.0957e-05
0.019 7.3308e-05
0.02 0.00017387
0.021 0.00021183
0.022 0.0002039
0.023 0.00017343
0.024 0.00014069
0.025 0.00011634
0.026 0.00010158
0.027 9.5153e-05
0.028 9.818e-05
0.029 0.00010778
0.03 0.00011093
0.031 9.0361e-05
0.032 3.3576e-05
0.033 -6.1103e-05
0.034 -0.00018309
0.035 -0.00031564
0.036 -0.00044319
0.037 -0.00055472
0.038 -0.00064921
0.039 -0.00073889
0.04 -0.00083887
0.041 -0.00095472
0.042 -0.0010813
0.043 -0.0012072
0.044 -0.001323
0.045 -0.0014282
0.046 -0.0015293
0.047 -0.0016339
0.048 -0.0017461
0.049 -0.0018676
0.05 -0.0020023
0.051 -0.002155
0.052 -0.0023244
0.053 -0.0025021
0.054 -0.0026758
0.055 -0.0028362
0.056 -0.0029811
0.057 -0.0031158
0.058 -0.0032487
0.059 -0.0033818
0.06 -0.0035017
0.061 -0.0035909
0.062 -0.0036485
0.063 -0.0036906
0.064 -0.0037272
0.065 -0.0037565
0.066 -0.0037765
0.067 -0.0037847
0.068 -0.0037737
0.069 -0.0037403
0.07 -0.0036873
0.071 -0.0036146
0.072 -0.0035197
0.073 -0.0034072
0.074 -0.0032895
0.075 -0.0031766
0.076 -0.0030688
0.077 -0.0029611
0.078 -0.0028555
0.079 -0.002762
0.08 -0.0026907
0.081 -0.0026433
0.082 -0.0026114
0.083 -0.0025824
0.084 -0.0025465
0.085 -0.0024997
0.086 -0.0024418
0.087 -0.002373
0.088 -0.0022901
0.089 -0.0021887
0.09 -0.0020675
0.091 -0.0019327
0.092 -0.0018002
0.093 -0.0016875
0.094 -0.0016025
0.095 -0.0015432
0.096 -0.0015005
0.097 -0.001459
0.098 -0.0014027
0.099 -0.0013242
0.1 -0.0012289
0.101 -0.0011322
0.102 -0.001048
0.103 -0.00097974
0.104 -0.00092624
0.105 -0.00088519
0.106 -0.00084759
0.107 -0.00079792
0.108 -0.00072492
0.109 -0.00062976
0.11 -0.00052323
0.111 -0.00041764
0.112 -0.0003224
0.113 -0.00024308
0.114 -0.00018264
0.115 -0.0001429
0.116 -0.00012233
0.117 -0.00011238
0.118 -9.9511e-05
0.119 -7.4073e-05
0.12 -3.5063e-05
0.121 1.5221e-05
0.122 7.554e-05
0.123 0.00014157
0.124 0.00020371
0.125 0.00025285
0.126 0.00028553
0.127 0.00030381
0.128 0.00031181
0.129 0.00031363
0.13 0.00031634
0.131 0.00032841
0.132 0.00035197
0.133 0.00038232
0.134 0.00041292
0.135 0.00043475
0.136 0.00043502
0.137 0.00040222
0.138 0.0003339
0.139 0.00024
0.14 0.00013776
0.141 4.306e-05
0.142 -3.268e-05
0.143 -8.3867e-05
0.144 -0.00011409
0.145 -0.00013182
0.146 -0.00014353
0.147 -0.00015854
0.148 -0.00018933
0.149 -0.00023771
0.15 -0.00029354
0.151 -0.00034997
0.152 -0.00040828
0.153 -0.00046904
0.154 -0.00052499
0.155 -0.00056404
0.156 -0.00057895
0.157 -0.00057177
0.158 -0.0005517
0.159 -0.00053318
0.16 -0.00053008
0.161 -0.00054801
0.162 -0.00058493
0.163 -0.00063436
0.164 -0.00068404
0.165 -0.00071777
0.166 -0.00072296
0.167 -0.00069848
0.168 -0.00065852
0.169 -0.00062534
0.17 -0.00061213
0.171 -0.00061536
0.172 -0.00062334
0.173 -0.00062462
0.174 -0.00061289
0.175 -0.00059449
0.176 -0.00058362
0.177 -0.00058382
0.178 -0.0005835
0.179 -0.00057083
0.18 -0.0005465
0.181 -0.00052083
0.182 -0.00049983
0.183 -0.00048028
0.184 -0.00045935
0.185 -0.00043804
0.186 -0.00041581
0.187 -0.00039101
0.188 -0.00036469
0.189 -0.00034038
0.19 -0.00032283
0.191 -0.00031477
0.192 -0.00031304
0.193 -0.0003127
0.194 -0.00031368
0.195 -0.0003184
0.196 -0.00032292
0.197 -0.00031699
0.198 -0.00029759
0.199 -0.00027466
0.2 -0.0002571
0.201 -0.00024027
0.202 -0.00021155
0.203 -0.00016318
0.204 -9.9718e-05
0.205 -3.4338e-05
0.206 2.0204e-05
0.207 5.3416e-05
0.208 5.8188e-05
0.209 3.7809e-05
0.21 6.4713e-06
0.211 -1.9835e-05
0.212 -3.2298e-05
0.213 -2.8244e-05
0.214 -5.6589e-06
0.215 3.2317e-05
0.216 7.5954e-05
0.217 0.00011889
0.218 0.00016142
0.219 0.00020625
0.22 0.00025506
0.221 0.00030566
0.222 0.00035062
0.223 0.00037766
0.224 0.00037252
0.225 0.00032703
0.226 0.00025061
0.227 0.0001713
0.228 0.00011868
0.229 0.0001066
0.23 0.00013088
0.231 0.0001754
0.232 0.00021831
0.233 0.00024033
0.234 0.00023525
0.235 0.00021157
0.236 0.00018317
0.237 0.00016252
0.238 0.00015834
0.239 0.00017281
0.24 0.00020139
0.241 0.00023381
0.242 0.00025822
0.243 0.00027126
0.244 0.00028081
0.245 0.00029616
0.246 0.00031581
0.247 0.00032202
0.248 0.00029247
0.249 0.0002235
0.25 0.00013628
0.251 5.5822e-05
0.252 -9.5558e-06
0.253 -6.3679e-05
0.254 -0.00010814
0.255 -0.00014253
0.256 -0.00017182
0.257 -0.00020374
0.258 -0.00024043
0.259 -0.00027377
0.26 -0.0002884
0.261 -0.00027675
0.262 -0.00025158
0.263 -0.0002372
0.264 -0.00025038
0.265 -0.00029218
0.266 -0.00035254
0.267 -0.00041749
0.268 -0.00047421
0.269 -0.00051455
0.27 -0.00053582
0.271 -0.00054097
0.272 -0.00053771
0.273 -0.00053191
0.274 -0.00052035
0.275 -0.00049655
0.276 -0.00046449
0.277 -0.00043888
0.278 -0.00043099
0.279 -0.00043888
0.28 -0.00045074
0.281 -0.00045594
0.282 -0.00045101
0.283 -0.00043692
0.284 -0.00041571
0.285 -0.0003878
0.286 -0.00035184
0.287 -0.00031431
0.288 -0.00029277
0.289 -0.0002986
0.29 -0.00032326
0.291 -0.00034806
0.292 -0.0003598
0.293 -0.00035207
0.294 -0.00032156
0.295 -0.00027365
0.296 -0.00022394
0.297 -0.00018562
0.298 -0.00015967
0.299 -0.00013992
0.3 -0.00012152
